0.446575 0.446575 0.446575 0.446575 0.446575

0.446675 0.446675 0.446675 0.446675 0.446675

0.446775 0.446775 0.446775 0.446775 0.446775

0.446875 0.446875 0.446875 0.446875 0.446875

0.446975 0.446975 0.446975 0.446975 0.446975

0.447075 0.447075 0.447075 0.447075 0.447075

0.447175 0.447175 0.447175 0.447175 0.447175

0.447275 0.447275 0.447275 0.447275 0.447275

0.447375 0.447375 0.447375 0.447375 0.447375

0.447475 0.447475 0.447475 0.447475 0.447475

0.447575 0.447575 0.447575 0.447575 0.447575

0.447675 0.447675 0.447675 0.447675 0.447675

0.447775 0.447775 0.447775 0.447775 0.447775

0.447875 0.447875 0.447875 0.447875 0.447875

0.447975 0.447975 0.447975 0.447975 0.447975

0.448075 0.448075 0.448075 0.448075 0.448075

0.448175 0.448175 0.448175 0.448175 0.448175

0.448275 0.448275 0.448275 0.448275 0.448275

0.448375 0.448375 0.448375 0.448375 0.448375

0.448475 0.448475 0.448475 0.448475 0.448475

0.448575 0.448575 0.448575 0.448575 0.448575

0.448675 0.448675 0.448675 0.448675 0.448675

0.448775 0.448775 0.448775 0.448775 0.448775

0.448875 0.448875 0.448875 0.448875 0.448875

0.448975 0.448975 0.448975 0.448975 0.448975

0.449075 0.449075 0.449075 0.449075 0.449075

0.449175 0.449175 0.449175 0.449175 0.449175

0.449275 0.449275 0.449275 0.449275 0.449275

0.449374 0.449374 0.449374 0.449374 0.449374

0.449474 0.449474 0.449474 0.449474 0.449474

0.449574 0.449574 0.449574 0.449574 0.449574

0.449674 0.449674 0.449674 0.449674 0.449674

0.449774 0.449774 0.449774 0.449774 0.449774

0.449874 0.449874 0.449874 0.449874 0.449874

0.449974 0.449974 0.449974 0.449974 0.449974

0.450074 0.450074 0.450074 0.450074 0.450074

0.450174 0.450174 0.450174 0.450174 0.450174

0.450274 0.450274 0.450274 0.450274 0.450274

0.450374 0.450374 0.450374 0.450374 0.450374

0.450474 0.450474 0.450474 0.450474 0.450474

0.450574 0.450574 0.450574 0.450574 0.450574

0.450674 0.450674 0.450674 0.450674 0.450674

0.450774 0.450774 0.450774 0.450774 0.450774

0.450874 0.450874 0.450874 0.450874 0.450874

0.450974 0.450974 0.450974 0.450974 0.450974

0.451074 0.451074 0.451074 0.451074 0.451074

0.451174 0.451174 0.451174 0.451174 0.451174

0.451274 0.451274 0.451274 0.451274 0.451274

0.451374 0.451374 0.451374 0.451374 0.451374

0.451474 0.451474 0.451474 0.451474 0.451474

0.451574 0.451574 0.451574 0.451574 0.451574

0.451674 0.451674 0.451674 0.451674 0.451674

0.451774 0.451774 0.451774 0.451774 0.451774

0.451874 0.451874 0.451874 0.451874 0.451874

0.451974 0.451974 0.451974 0.451974 0.451974

0.452074 0.452074 0.452074 0.452074 0.452074

0.452174 0.452174 0.452174 0.452174 0.452174

0.452274 0.452274 0.452274 0.452274 0.452274

0.452374 0.452374 0.452374 0.452374 0.452374

0.452474 0.452474 0.452474 0.452474 0.452474

0.452574 0.452574 0.452574 0.452574 0.452574

0.452674 0.452674 0.452674 0.452674 0.452674

0.452774 0.452774 0.452774 0.452774 0.452774

0.452874 0.452874 0.452874 0.452874 0.452874

0.452974 0.452974 0.452974 0.452974 0.452974

0.453074 0.453074 0.453074 0.453074 0.453074

0.453174 0.453174 0.453174 0.453174 0.453174

0.453274 0.453274 0.453274 0.453274 0.453274

0.453374 0.453374 0.453374 0.453374 0.453374

0.453474 0.453474 0.453474 0.453474 0.453474

0.453574 0.453574 0.453574 0.453574 0.453574

0.453674 0.453674 0.453674 0.453674 0.453674

0.453774 0.453774 0.453774 0.453774 0.453774

0.453874 0.453874 0.453874 0.453874 0.453874

0.453974 0.453974 0.453974 0.453974 0.453974

0.454074 0.454074 0.454074 0.454074 0.454074

0.454174 0.454174 0.454174 0.454174 0.454174

0.454274 0.454274 0.454274 0.454274 0.454274

0.454374 0.454374 0.454374 0.454374 0.454374

0.454474 0.454474 0.454474 0.454474 0.454474

0.454574 0.454574 0.454574 0.454574 0.454574

0.454674 0.454674 0.454674 0.454674 0.454674

0.454774 0.454774 0.454774 0.454774 0.454774

0.454874 0.454874 0.454874 0.454874 0.454874

0.454974 0.454974 0.454974 0.454974 0.454974

0.455074 0.455074 0.455074 0.455074 0.455074

0.455174 0.455174 0.455174 0.455174 0.455174

0.455274 0.455274 0.455274 0.455274 0.455274

0.455374 0.455374 0.455374 0.455374 0.455374

0.455474 0.455474 0.455474 0.455474 0.455474

0.455574 0.455574 0.455574 0.455574 0.455574

0.455674 0.455674 0.455674 0.455674 0.455674

0.455774 0.455774 0.455774 0.455774 0.455774

0.455874 0.455874 0.455874 0.455874 0.455874

0.455974 0.455974 0.455974 0.455974 0.455974

0.456074 0.456074 0.456074 0.456074 0.456074

0.456174 0.456174 0.456174 0.456174 0.456174

0.456274 0.456274 0.456274 0.456274 0.456274

0.456374 0.456374 0.456374 0.456374 0.456374

0.456474 0.456474 0.456474 0.456474 0.456474

0.456574 0.456574 0.456574 0.456574 0.456574

0.456674 0.456674 0.456674 0.456674 0.456674

0.456774 0.456774 0.456774 0.456774 0.456774

0.456874 0.456874 0.456874 0.456874 0.456874

0.456973 0.456973 0.456973 0.456973 0.456973

0.457073 0.457073 0.457073 0.457073 0.457073

0.457173 0.457173 0.457173 0.457173 0.457173

0.457273 0.457273 0.457273 0.457273 0.457273

0.457373 0.457373 0.457373 0.457373 0.457373

0.457473 0.457473 0.457473 0.457473 0.457473

0.457573 0.457573 0.457573 0.457573 0.457573

0.457673 0.457673 0.457673 0.457673 0.457673

0.457773 0.457773 0.457773 0.457773 0.457773

0.457873 0.457873 0.457873 0.457873 0.457873

0.457973 0.457973 0.457973 0.457973 0.457973

0.458073 0.458073 0.458073 0.458073 0.458073

0.458173 0.458173 0.458173 0.458173 0.458173

0.458273 0.458273 0.458273 0.458273 0.458273

0.458373 0.458373 0.458373 0.458373 0.458373

0.458473 0.458473 0.458473 0.458473 0.458473

0.458573 0.458573 0.458573 0.458573 0.458573

0.458673 0.458673 0.458673 0.458673 0.458673

0.458773 0.458773 0.458773 0.458773 0.458773

0.458873 0.458873 0.458873 0.458873 0.458873

0.458973 0.458973 0.458973 0.458973 0.458973

0.459073 0.459073 0.459073 0.459073 0.459073

0.459173 0.459173 0.459173 0.459173 0.459173

0.459273 0.459273 0.459273 0.459273 0.459273

0.459373 0.459373 0.459373 0.459373 0.459373

0.459473 0.459473 0.459473 0.459473 0.459473

0.459573 0.459573 0.459573 0.459573 0.459573

0.459673 0.459673 0.459673 0.459673 0.459673

0.459773 0.459773 0.459773 0.459773 0.459773

0.459873 0.459873 0.459873 0.459873 0.459873

0.459973 0.459973 0.459973 0.459973 0.459973

0.460073 0.460073 0.460073 0.460073 0.460073

0.460173 0.460173 0.460173 0.460173 0.460173

0.460273 0.460273 0.460273 0.460273 0.460273

0.460373 0.460373 0.460373 0.460373 0.460373

0.460473 0.460473 0.460473 0.460473 0.460473

0.460573 0.460573 0.460573 0.460573 0.460573

0.460673 0.460673 0.460673 0.460673 0.460673

0.460773 0.460773 0.460773 0.460773 0.460773

0.460873 0.460873 0.460873 0.460873 0.460873

0.460973 0.460973 0.460973 0.460973 0.460973

0.461073 0.461073 0.461073 0.461073 0.461073

0.461173 0.461173 0.461173 0.461173 0.461173

0.461273 0.461273 0.461273 0.461273 0.461273

0.461373 0.461373 0.461373 0.461373 0.461373

0.461473 0.461473 0.461473 0.461473 0.461473

0.461573 0.461573 0.461573 0.461573 0.461573

0.461673 0.461673 0.461673 0.461673 0.461673

0.461773 0.461773 0.461773 0.461773 0.461773
