-0.909874
-0.832560
-0.734173
-0.617203
-0.484611
-0.339751
-0.186292
-0.028118
0.130768
0.286344
0.434672
0.571998
0.694845
0.800105
0.885113
0.947716
0.986331
0.999980
0.988318
0.951640
0.890874
0.807558
0.703801
0.582230
0.445921
0.298326
0.143179
-0.015592
-0.173968
-0.327941
-0.473613
-0.607297
-0.725609
-0.825555
-0.904604
-0.960756
-0.992590
-0.999299
-0.980714
-0.937305
-0.870171
-0.781012
-0.672084
-0.546144
-0.406380
-0.256330
-0.099792
0.059273
0.216836
0.368912
0.511649
0.641436
0.754987
0.849427
0.922368
0.971961
0.996952
0.996708
0.971236
0.921180
0.847807
0.752974
0.639083
0.509015
0.366062
0.213845
0.056214
-0.102840
-0.259290
-0.409178
-0.548708
-0.674349
-0.782922
-0.871677
-0.938368
-0.981308
-0.999409
-0.992213
-0.959902
-0.903294
-0.823822
-0.723498
-0.604860
-0.470913
-0.325045
-0.170951
-0.012529
0.146210
0.301248
0.448661
0.584718
0.705974
0.809361
0.892261
0.952577
0.988780
0.999956
0.985822
0.946734
0.883683
0.798264
0.692639
0.569482
0.431911
0.283407
0.127730
-0.031180
-0.189302
-0.342631
-0.487288
-0.619611
-0.736250
-0.834254
-0.911140
-0.964965
-0.994364
-0.998594
-0.977547
-0.931757
-0.862383
-0.771180
-0.660457
-0.533016
-0.392084
-0.241228
-0.084265
0.074830
0.232031
0.383359
0.524984
0.653320
0.765119
0.857552
0.928279
0.975509
0.998047
0.995323
0.967405
0.915000
0.839435
0.742622
0.627012
0.495532
0.351508
0.198587
0.040640
-0.118337
-0.274318
-0.423355
-0.561676
-0.685781
-0.792527
-0.879212
-0.943644
-0.984189
-0.999823
-0.990150
-0.955414
-0.896495
-0.814884
-0.712646
-0.592370
-0.457100
-0.310260
-0.155567
0.003064
0.161617
0.316080
0.462542
0.597296
0.716931
0.818420
0.899193
0.957205
0.990989
0.999689
0.983086
0.941598
0.876277
0.788775
0.681308
0.556596
0.417796
0.268420
0.112250
-0.046761
-0.204589
-0.357238
-0.500845
-0.631774
-0.746712
-0.842749
-0.917455
-0.968938
-0.995896
-0.997645
-0.974143
-0.925983
-0.854384
-0.761160
-0.648669
-0.519759
-0.377693
-0.226067
0.000000
-0.158593
-0.313172
-0.459823
-0.594836
-0.714792
-0.816656
-0.897848
-0.956314
-0.990574
-0.999761
-0.983642
-0.942625
-0.877749
-0.790655
-0.683548
-0.559139
-0.420577
-0.271370
-0.115294
0.043701
0.201589
0.354375
0.498190
0.629396
0.744671
0.841096
0.916232
0.968176
0.995614
0.997851
0.974830
0.927135
0.855972
0.763143
0.650997
0.522374
0.380528
0.229050
0.071775
-0.087318
-0.244200
-0.394901
-0.535606
-0.662754
-0.773126
-0.863930
-0.932865
-0.978188
-0.998751
-0.994034
-0.964156
-0.909874
-0.832560
-0.734173
-0.617203
-0.484611
-0.339751
-0.186292
-0.028118
0.130768
0.286344
0.434672
0.571998
0.694845
0.800105
0.885113
0.947716
0.986331
0.999980
0.988318
0.951640
0.890874
0.807558
0.703801
0.582230
0.445921
0.298326
0.143179
-0.015592
-0.173968
-0.327941
-0.473613
-0.607297
-0.725609
-0.825555
-0.904604
-0.960756
-0.992590
-0.999299
-0.980714
-0.937305
-0.870171
-0.781012
-0.672084
-0.546144
-0.406380
-0.256330
-0.099792
0.059273
0.216836
0.368912
0.511649
0.641436
0.754987
0.849427
0.922368
0.971961
0.996952
0.996708
0.971236
0.921180
0.847807
0.752974
0.639083
0.509015
0.366062
0.213845
0.056214
-0.102840
-0.259290
-0.409178
-0.548708
-0.674349
-0.782922
-0.871677
-0.938368
-0.981308
-0.999409
-0.992213
-0.959902
-0.903294
-0.823822
-0.723498
-0.604860
-0.470913
-0.325045
-0.170951
-0.012529
0.146210
0.301248
0.448661
0.584718
0.705974
0.809361
0.892261
0.952577
0.988780
0.999956
0.985822
0.946734
0.883683
0.798264
0.692639
0.569482
0.431911
0.283407
0.127730
-0.031180
-0.189302
-0.342631
-0.487288
-0.619611
-0.736250
-0.834254
-0.911140
-0.964965
-0.994364
-0.998594
-0.977547
-0.931757
-0.862383
-0.771180
-0.660457
-0.533016
-0.392084
-0.241228
-0.084265
0.074830
0.232031
0.383359
0.524984
0.653320
0.765119
0.857552
0.928279
0.975509
0.998047
0.995323
0.967405
0.915000
0.839435
0.742622
0.627012
0.495532
0.351508
0.198587
0.040640
-0.118337
-0.274318
-0.423355
-0.561676
-0.685781
-0.792527
-0.879212
-0.943644
-0.984189
-0.999823
-0.990150
-0.955414
-0.896495
-0.814884
-0.712646
-0.592370
-0.457100
-0.310260
-0.155567
0.003064
0.161617
0.316080
0.462542
0.597296
0.716931
0.818420
0.899193
0.957205
0.990989
0.999689
0.983086
0.941598
0.876277
0.788775
0.681308
0.556596
0.417796
0.268420
0.112250
-0.046761
-0.204589
-0.357238
-0.500845
-0.631774
-0.746712
-0.842749
-0.917455
-0.968938
-0.995896
-0.997645
-0.974143
-0.925983
-0.854384
-0.761160
-0.648669
-0.519759
-0.377693
-0.226067
0.000000
-0.158593
-0.313172
-0.459823
-0.594836
-0.714792
-0.816656
-0.897848
-0.956314
-0.990574
-0.999761
-0.983642
-0.942625
-0.877749
-0.790655
-0.683548
-0.559139
-0.420577
-0.271370
-0.115294
0.043701
0.201589
0.354375
0.498190
0.629396
0.744671
0.841096
0.916232
0.968176
0.995614
0.997851
0.974830
0.927135
0.855972
0.763143
0.650997
0.522374
0.380528
0.229050
0.071775
-0.087318
-0.244200
-0.394901
-0.535606
-0.662754
-0.773126
-0.863930
-0.932865
-0.978188
-0.998751
-0.994034
-0.964156
-0.909874
-0.832560
-0.734173
-0.617203
-0.484611
-0.339751
-0.186292
-0.028118
0.130768
0.286344
0.434672
0.571998
0.694845
0.800105
0.885113
0.947716
0.986331
0.999980
0.988318
0.951640
0.890874
0.807558
0.703801
0.582230
0.445921
0.298326
0.143179
-0.015592
-0.173968
-0.327941
-0.473613
-0.607297
-0.725609
-0.825555
-0.904604
-0.960756
-0.992590
-0.999299
-0.980714
-0.937305
-0.870171
-0.781012
-0.672084
-0.546144
-0.406380
-0.256330
-0.099792
0.059273
0.216836
0.368912
0.511649
0.641436
0.754987
0.849427
0.922368
0.971961
0.996952
0.996708
0.971236
0.921180
0.847807
0.752974
0.639083
0.509015
0.366062
0.213845
0.056214
-0.102840
-0.259290
-0.409178
-0.548708
-0.674349
-0.782922
-0.871677
-0.938368
-0.981308
-0.999409
-0.992213
-0.959902
-0.903294
-0.823822
-0.723498
-0.604860
-0.470913
-0.325045
-0.170951
-0.012529
0.146210
0.301248
0.448661
0.584718
0.705974